4 sq: [110, 4, 363, 408, 29]. [208, 184, 90, -4, 50]
4 sq: [97, -1, 12, 150, 222]. [238, 344, 205, 1, 464]
4 sq: [360, 1, 176, 156, 306]. [338, 405, 364, -1, 386]
4 sq: [224, 4, 486, 148, 245]. [195, 186, 153, -4, 257]
4 sq: [242, 9, 421, 45, 194]. [381, 351, 265, -9, 370]
4 sq: [294, 3, 221, 396, 32]. [217, 231, 232, -3, 242]
4 sq: [407, -3, 324, 28, 22]. [406, 239, 137, 3, 290]
4 sq: [152, 0, 72, 47, 123]. [77, 290, 308, 0, 92]
4 sq: [438, -7, 14, 366, 160]. [226, 489, 466, 7, 155]
4 sq: [87, -5, 484, 240, 258]. [45, 167, 368, 5, 157]
4 sq: [329, -10, 42, 34, 350]. [396, 374, 211, 10, 71]
4 sq: [258, -10, 347, 303, 272]. [178, 244, 158, 10, 466]
4 sq: [112, -9, 269, 134, 308]. [82, 285, 83, 9, 313]
4 sq: [77, -4, 246, 219, 81]. [388, 376, 182, 4, 306]
4 sq: [321, 0, 78, 16, 433]. [114, 103, 334, 0, 203]
4 sq: [417, 2, 336, 44, 460]. [477, 171, 321, -2, 269]
4 sq: [134, 1, 484, 50, 496]. [59, 295, 25, -1, 346]
4 sq: [153, 9, 285, 464, 456]. [161, 213, 388, -9, 52]
4 sq: [360, -10, 123, 474, 274]. [158, 50, 122, 10, 256]
4 sq: [436, -5, 8, 266, 45]. [70, 409, 34, 5, 245]
4 sq: [432, 3, 455, 255, 145]. [472, 100, 193, -3, 319]
4 sq: [326, 2, 247, 215, 459]. [120, 279, 110, -2, 215]
4 sq: [229, 8, 190, 88, 458]. [398, 344, 364, -8, 152]
4 sq: [112, -8, 93, 38, 366]. [182, 236, 61, 8, 403]
4 sq: [136, -1, 287, 231, 446]. [348, 323, 157, 1, 476]
4 sq: [140, -3, 457, 290, 448]. [362, 113, 127, 3, 202]
4 sq: [19, 8, 126, 181, 281]. [74, 332, 394, -8, 469]
4 sq: [192, -7, 319, 429, 454]. [463, 151, 50, 7, 45]
4 sq: [311, 10, 293, 154, 213]. [318, 372, 285, -10, 13]
4 sq: [381, 10, 417, 103, -1]. [310, 329, 319, -10, 23]
4 sq: [0, 4, 231, 345, 186]. [339, 248, 438, -4, 123]
4 sq: [221, -8, 456, 422, 355]. [150, 129, 307, 8, 153]
4 sq: [120, -4, 331, 13, 446]. [10, -3, 171, 4, 416]
4 sq: [465, 0, 199, 322, 399]. [157, 225, 489, 0, 155]
4 sq: [124, 8, 349, 205, 494]. [104, 460, 358, -8, 383]
4 sq: [153, 7, 45, 331, 187]. [132, 81, 111, -7, 53]
4 sq: [320, 1, 370, 108, 463]. [426, 498, 196, -1, 245]
4 sq: [206, 9, 450, 19, 105]. [270, 122, 265, -9, 428]
4 sq: [456, 0, 59, 35, 243]. [33, -9, 160, 0, 304]
4 sq: [48, -9, 35, 70, 115]. [484, 313, 13, 9, 242]
4 sq: [-9, 4, 105, 282, 61]. [17, 439, 139, -4, 20]
4 sq: [491, -8, 370, 136, 39]. [488, 268, 17, 8, 188]
4 sq: [331, -10, 58, 467, 35]. [373, 261, 233, 10, 311]
4 sq: [224, 6, 280, 277, -10]. [299, 125, 358, -6, 239]
4 sq: [302, 1, 52, 352, 23]. [367, 198, 320, -1, -3]
4 sq: [394, -9, 452, 174, 123]. [215, 88, 190, 9, 162]
4 sq: [193, 9, 381, 379, 136]. [14, 306, 145, -9, 11]
4 sq: [63, -5, 86, 418, 67]. [456, 21, 174, 5, 68]
4 sq: [208, -10, 266, 134, 224]. [140, 146, 184, 10, 46]
4 sq: [343, -10, 223, 418, 371]. [356, 430, 464, 10, 415]
4 sq: [7, 2, 475, 15, 168]. [136, 325, 394, -2, 313]
4 sq: [68, 4, 362, 370, 57]. [403, 420, 208, -4, 438]
4 sq: [327, 8, 453, 305, 240]. [296, 366, 115, -8, 34]
4 sq: [39, -2, 227, 8, 335]. [393, 359, 79, 2, 463]
4 sq: [234, -10, 428, 242, 204]. [377, 57, 376, 10, 220]
4 sq: [29, -6, 392, 305, 382]. [257, 60, 250, 6, 493]
4 sq: [404, -2, 235, 496, 82]. [195, 328, 313, 2, -2]
4 sq: [170, 4, 435, 100, 8]. [80, 295, 458, -4, 447]
4 sq: [485, -5, 443, 131, 331]. [332, 262, 122, 5, 419]
4 sq: [374, 3, 116, 203, 167]. [52, 82, 298, -3, 362]
4 sq: [394, -3, 330, 203, 256]. [117, 190, 104, 3, 461]
4 sq: [389, -6, 142, 460, 61]. [369, 49, 338, 6, 189]
4 sq: [152, -10, 8, 455, 140]. [121, 239, 314, 10, 400]
4 sq: [293, -4, 155, 464, 53]. [445, 400, 53, 4, 117]
4 sq: [115, 6, 399, 330, 24]. [167, 125, 120, -6, 88]
4 sq: [314, 5, 424, 126, 66]. [282, 440, 420, -5, 229]
4 sq: [451, -4, 428, 48, 153]. [499, 246, 140, 4, 128]
4 sq: [250, 9, 354, 255, 302]. [402, 479, 118, -9, 216]
4 sq: [223, 8, 204, 68, 303]. [469, 216, 90, -8, 423]
4 sq: [76, -1, 47, 303, 205]. [483, 176, 154, 1, 71]
4 sq: [210, -3, 229, 494, 142]. [438, 410, 75, 3, 25]
4 sq: [294, -8, 17, 265, 18]. [13, 115, 220, 8, 424]
4 sq: [89, 2, 360, 272, 415]. [372, 462, 248, -2, 344]
4 sq: [137, 2, -3, 285, 78]. [362, 269, 288, -2, 206]
4 sq: [74, 9, 329, 133, 226]. [207, 257, 333, -9, 231]
4 sq: [467, 5, 85, 432, 112]. [301, 403, 475, -5, 114]
4 sq: [499, -3, 205, 136, 28]. [337, 255, 67, 3, 314]
4 sq: [178, -2, 395, 329, 91]. [304, 488, 294, 2, 286]
4 sq: [395, 10, 13, 434, 468]. [301, 332, 311, -10, 213]
4 sq: [166, -1, 88, 371, 489]. [394, 367, 204, 1, 323]
4 sq: [228, -10, 412, 440, 57]. [484, 352, 251, 10, 461]
4 sq: [382, -3, 370, 75, 86]. [176, 225, 372, 3, 350]
4 sq: [145, 10, 436, 193, 241]. [414, 264, 356, -10, 391]
4 sq: [97, -8, -10, 131, 330]. [306, 273, 384, 8, 368]
4 sq: [360, 3, -10, 471, 160]. [401, -7, 146, -3, 340]
4 sq: [477, 8, 443, 377, 469]. [438, 2, 198, -8, 347]
4 sq: [494, 9, 20, 257, 244]. [152, 336, 107, -9, 61]
4 sq: [423, -3, 130, 334, 109]. [435, 55, 295, 3, 30]
4 sq: [99, 8, 133, 302, 140]. [347, 441, 11, -8, 113]
4 sq: [238, 4, 66, 77, 167]. [235, 456, 142, -4, 60]
4 sq: [364, 7, 52, 462, 378]. [119, 295, 342, -7, 433]
4 sq: [472, 9, 496, 153, 317]. [480, 74, 16, -9, 412]
4 sq: [226, -6, 185, 181, 191]. [237, 106, 307, 6, 256]
4 sq: [366, 4, 180, 327, 155]. [239, 16, 157, -4, 34]
4 sq: [-9, 6, 439, 298, 391]. [447, 57, 178, -6, 118]
4 sq: [202, -4, 76, 394, 343]. [475, 437, 365, 4, 17]
4 sq: [448, 4, 91, 276, 364]. [158, 204, 257, -4, 465]
4 sq: [438, -3, 150, 51, 188]. [271, 252, 421, 3, 193]
4 sq: [4, -8, 54, 444, 244]. [116, -6, 328, 8, 426]
4 sq: [309, 6, 419, 375, 350]. [454, 57, 10, -6, 220]
4 sq: [95, 10, 320, 279, 246]. [169, 108, 172, -10, 110]
4 sq: [185, -5, 18, 203, 111]. [250, 352, 453, 5, 219]
4 sq: [418, 10, 324, 269, 154]. [127, 400, 365, -10, 287]
4 sq: [366, 5, 327, 20, 200]. [299, 192, 291, -5, 233]
4 sq: [490, -6, 487, 398, 278]. [268, 329, 285, 6, 417]
4 sq: [299, 0, 29, 401, 79]. [15, 389, 196, 0, 42]
4 sq: [309, -4, 438, 281, 385]. [448, 127, 240, 4, 346]
4 sq: [2, 7, 342, 183, 193]. [343, 61, 235, -7, 499]
4 sq: [166, -1, 148, 401, 284]. [241, 372, 336, 1, 371]
4 sq: [102, 3, 401, 451, 366]. [117, 350, 121, -3, 462]
4 sq: [90, 8, 185, 15, 113]. [53, 13, 334, -8, 381]
4 sq: [499, 6, 256, 392, 268]. [365, 272, 133, -6, 73]
4 sq: [6, -2, 108, 75, 133]. [3, 430, 92, 2, 297]
4 sq: [480, 1, 325, 417, 105]. [238, 71, 453, -1, 58]
4 sq: [170, 5, 392, 3, 350]. [440, 313, 179, -5, 92]
4 sq: [47, -10, -2, 16, 364]. [420, 159, 19, 10, 38]
4 sq: [114, 1, 370, 465, -3]. [125, 174, 241, -1, 386]
4 sq: [160, 0, 363, 323, 196]. [123, 119, -7, 0, 276]
4 sq: [194, 2, 477, 441, 109]. [472, -4, 5, -2, 374]
4 sq: [43, -2, 419, 383, 305]. [218, 382, 245, 2, 117]
4 sq: [-10, -5, 58, 318, 46]. [216, 364, 330, 5, 281]
4 sq: [66, 10, -6, 180, 340]. [391, 465, 321, -10, 19]
4 sq: [138, -7, 329, 143, 55]. [326, -4, 436, 7, 247]
4 sq: [342, -10, 423, 433, 445]. [278, 455, 366, 10, 19]
4 sq: [248, 2, 400, 115, 129]. [142, 121, 175, -2, 67]
4 sq: [135, -4, 215, 462, 79]. [90, 495, 294, 4, 231]
4 sq: [484, -9, 23, 362, 237]. [425, 449, 323, 9, 35]
4 sq: [254, -1, 128, 187, 406]. [15, 411, 184, 1, 350]
4 sq: [-5, -6, 17, 427, 46]. [324, 482, 124, 6, 232]
4 sq: [5, 4, 277, 242, 104]. [375, 294, 16, -4, 412]
4 sq: [80, -3, 78, 330, 412]. [162, 380, 349, 3, 217]
4 sq: [170, -5, 306, 470, 208]. [281, 207, 163, 5, 265]
4 sq: [461, -9, 448, 486, 274]. [173, 33, 159, 9, 13]
4 sq: [483, 6, 302, 185, 65]. [381, 255, 210, -6, 307]
4 sq: [119, -7, 392, 206, 444]. [388, 2, 383, 7, 152]
4 sq: [147, -3, 23, 273, 453]. [355, 292, 408, 3, 221]
4 sq: [141, -6, -5, 366, 31]. [267, 485, 283, 6, 212]
4 sq: [50, -10, 142, 108, 109]. [352, 178, 220, 10, 391]
4 sq: [372, -4, 136, -1, 385]. [172, 366, 203, 4, 244]
4 sq: [250, 8, 474, 381, 108]. [178, 74, 317, -8, 61]
4 sq: [427, 0, 111, 341, 159]. [10, 158, 70, 0, 91]
4 sq: [262, 6, 351, 394, 474]. [484, 369, 61, -6, 258]
4 sq: [164, 8, 169, 423, 247]. [224, 309, 97, -8, 425]
4 sq: [256, -6, 355, 36, 493]. [227, 180, 402, 6, 216]
4 sq: [393, 9, 232, 267, 382]. [441, 180, 284, -9, 232]
4 sq: [361, 6, 433, 102, 278]. [319, 390, 120, -6, 211]
4 sq: [369, -3, 56, 36, 327]. [130, 237, 252, 3, 233]
4 sq: [71, 7, 347, 77, -5]. [185, 499, 465, -7, 449]
4 sq: [-4, -7, 457, 406, 426]. [478, 183, 412, 7, 15]
4 sq: [341, 6, 468, 133, 27]. [471, 239, 296, -6, 230]
4 sq: [7, -6, 455, 331, 149]. [97, 465, 44, 6, 143]
4 sq: [125, 9, 143, 171, 319]. [265, 152, 74, -9, 466]
4 sq: [236, 1, 296, 285, 290]. [177, 468, 366, -1, 271]
4 sq: [454, 0, 346, 6, 144]. [352, 468, 75, 0, 441]
4 sq: [189, 7, 73, 447, 378]. [417, 331, 395, -7, 361]
4 sq: [239, -5, 273, 381, 174]. [333, 206, -2, 5, 29]
4 sq: [448, 1, 72, 341, 206]. [28, 438, 89, -1, 469]
4 sq: [82, 5, 285, 369, 405]. [252, 435, 156, -5, 194]
4 sq: [425, -4, 9, 413, 306]. [328, 333, 230, 4, 105]
4 sq: [190, -9, 407, 360, 425]. [113, 215, 326, 9, 232]
4 sq: [480, 8, 95, 272, 321]. [482, 445, 202, -8, 73]
4 sq: [364, 1, 331, 28, 80]. [318, 11, 139, -1, 410]
4 sq: [425, -9, 49, 128, 119]. [108, 487, 28, 9, 489]
4 sq: [25, 1, 323, 265, 278]. [322, 139, 120, -1, 177]
4 sq: [91, 6, 3, 184, 451]. [201, 25, 310, -6, 412]
4 sq: [397, 0, 265, 496, -2]. [266, 76, 294, 0, 58]
4 sq: [418, 2, 55, 440, 321]. [415, 334, 90, -2, 25]
4 sq: [241, 10, 429, 375, 400]. [353, 83, 113, -10, 34]
4 sq: [30, 7, 362, 263, 290]. [186, 300, 50, -7, 394]
4 sq: [81, 2, 373, 471, 342]. [357, 250, 199, -2, 270]
4 sq: [178, -1, 343, 467, 365]. [350, 184, -10, 1, 3]
4 sq: [445, -8, 39, 387, 383]. [288, 3, 470, 8, 59]
4 sq: [248, -10, 400, 110, 347]. [308, 79, 480, 10, 481]
4 sq: [135, 9, 327, 345, 278]. [43, 400, 192, -9, 55]
4 sq: [205, 7, 15, 447, 389]. [346, 47, 420, -7, 254]
4 sq: [111, 1, 265, 330, 12]. [-8, -7, 433, -1, 144]
4 sq: [31, 1, -6, 496, 279]. [467, 381, 141, -1, 44]
4 sq: [269, -6, 57, 41, 229]. [337, 387, 487, 6, 181]
4 sq: [339, -5, 407, 419, 136]. [184, 62, 383, 5, 266]
4 sq: [407, 0, 272, 173, 461]. [427, 221, 370, 0, 84]
4 sq: [283, -3, 136, 13, 173]. [42, 188, 283, 3, 269]
4 sq: [293, 7, -4, 160, 27]. [38, 190, 441, -7, 124]
4 sq: [388, -2, 181, 358, 213]. [413, 284, 99, 2, 419]
4 sq: [482, 5, 323, 308, 80]. [349, 138, 83, -5, 237]
4 sq: [472, 7, 480, 384, 445]. [315, 87, 86, -7, 341]
4 sq: [152, -9, 476, 155, 171]. [378, 327, 115, 9, 399]
4 sq: [306, -9, 53, 331, 417]. [455, 233, 454, 9, 320]
4 sq: [13, 6, 494, 14, 391]. [273, 159, 321, -6, 325]
4 sq: [412, 1, 101, 122, 84]. [64, 495, 468, -1, 83]
4 sq: [268, 7, 381, 186, 464]. [89, 166, 118, -7, 48]
4 sq: [331, -3, 363, 337, 49]. [404, 170, 204, 3, 39]
4 sq: [466, 6, 283, 19, 199]. [406, 445, 436, -6, 354]
4 sq: [50, 7, 79, 454, 321]. [142, 29, 161, -7, 484]
4 sq: [171, 2, 87, 376, 281]. [230, 138, 147, -2, 342]
4 sq: [434, -1, 464, 387, 288]. [491, 151, 244, 1, 442]
4 sq: [481, 3, -10, 153, 461]. [25, 231, 463, -3, 456]
4 sq: [14, -7, 373, 198, 86]. [326, 399, 281, 7, 241]
4 sq: [454, 1, 120, 254, 3]. [458, 275, 430, -1, 181]
4 sq: [263, 0, 222, 209, 70]. [217, 268, 134, 0, 441]
4 sq: [86, 10, 142, 435, 480]. [239, 10, 259, -10, 263]
4 sq: [223, 0, 394, 452, 411]. [431, 84, 165, 0, 420]
4 sq: [424, 8, 102, 11, 191]. [37, 396, 496, -8, 292]
4 sq: [470, 1, 52, 476, 83]. [18, 202, 123, -1, 443]
4 sq: [29, -10, 284, 471, 269]. [177, 58, 170, 10, 413]
4 sq: [484, 7, 296, 328, 236]. [440, 293, 366, -7, 273]
4 sq: [236, -4, 423, 112, 77]. [50, 293, 478, 4, 381]
4 sq: [454, 6, 16, 139, 287]. [277, 383, 9, -6, 396]
4 sq: [149, -8, 473, 131, 282]. [229, -3, 104, 8, 224]
4 sq: [482, -2, 305, 24, 356]. [455, 340, 181, 2, 220]
4 sq: [415, -10, 234, 354, 89]. [342, 333, 267, 10, 289]
4 sq: [116, 10, 107, 65, 271]. [198, 409, 114, -10, 179]
4 sq: [465, 6, 211, 365, 114]. [483, 163, 2, -6, 104]
4 sq: [-9, -5, 22, 454, 202]. [27, 16, 83, 5, 492]
4 sq: [232, 6, 141, 407, 132]. [27, 37, 66, -6, 372]
4 sq: [23, 8, 69, 218, 402]. [279, 220, 348, -8, 209]
4 sq: [275, 9, 215, 223, 33]. [40, 304, 85, -9, 404]
4 sq: [299, -6, 143, 378, 379]. [181, 72, 31, 6, 237]
4 sq: [246, 10, 437, 29, 234]. [321, 271, 330, -10, 329]
4 sq: [251, 8, 397, 369, 117]. [378, 348, 264, -8, 431]
4 sq: [286, -7, 19, 229, 471]. [86, 176, 231, 7, 47]
4 sq: [464, 0, 236, 402, 492]. [362, 477, 278, 0, 153]
4 sq: [269, 4, 39, 126, 242]. [67, 409, 312, -4, 331]
4 sq: [251, -10, 400, 141, 102]. [242, 366, 284, 10, 141]
4 sq: [54, 7, 128, 63, 2]. [227, 359, 62, -7, 243]
4 sq: [134, -9, 72, 214, 353]. [239, 119, 389, 9, 427]
4 sq: [321, -10, 265, 474, 153]. [188, 120, 432, 10, 158]
4 sq: [365, 4, 51, 313, 322]. [340, 412, 122, -4, 490]
4 sq: [102, -7, 154, 422, 91]. [4, 492, 171, 7, 142]
4 sq: [485, -7, 332, 29, 492]. [233, 40, 493, 7, 348]
4 sq: [242, 0, 251, 473, 298]. [106, 1, 183, 0, 184]
4 sq: [73, -1, 105, 465, 446]. [128, 447, 42, 1, 430]
4 sq: [22, 5, 299, 63, 276]. [158, 162, 269, -5, 190]
4 sq: [253, 7, 268, 24, 360]. [318, 472, 92, -7, 102]
4 sq: [-5, -8, 345, 21, 173]. [67, 165, 130, 8, 76]
4 sq: [416, -8, 153, 248, 51]. [419, 135, 294, 8, 266]
4 sq: [442, 2, 371, 391, 144]. [489, 272, 325, -2, 397]
4 sq: [413, 3, 23, 458, 174]. [164, 145, 231, -3, 380]
4 sq: [432, 5, 206, 191, 364]. [110, 273, 81, -5, 90]
4 sq: [9, 6, 122, 482, 189]. [200, 59, 143, -6, 384]
4 sq: [54, 8, 301, 381, 273]. [107, -9, 147, -8, 425]
4 sq: [225, 0, 80, 326, 50]. [331, 494, 137, 0, 288]
4 sq: [477, 3, 9, 77, 26]. [497, 334, 264, -3, 116]
4 sq: [13, -9, 62, 367, 416]. [37, 429, 56, 9, 169]
4 sq: [437, -8, 52, 191, 9]. [342, 483, 454, 8, 278]
4 sq: [474, 4, 137, 18, 46]. [389, 48, 176, -4, 17]
4 sq: [378, 9, 101, 412, 86]. [316, -6, 371, -9, 314]
4 sq: [483, 2, 167, 477, 104]. [383, 0, 133, -2, 461]
4 sq: [241, -5, 418, 179, 51]. [21, 167, 82, 5, 353]
4 sq: [229, -8, 8, 475, 490]. [176, 102, 231, 8, 366]
4 sq: [443, 9, 470, 55, 141]. [429, 140, 144, -9, 360]
4 sq: [91, 2, 346, 350, 253]. [103, 308, 423, -2, 255]
4 sq: [272, -3, 63, 108, 286]. [330, 463, 189, 3, 291]
4 sq: [442, -8, 430, 302, 359]. [336, 384, 371, 8, 468]
4 sq: [-5, -7, 490, 218, 156]. [412, 312, 125, 7, 164]
4 sq: [369, 1, 184, 353, 85]. [226, 388, 460, -1, 73]
4 sq: [156, -6, 205, 1, 187]. [174, 433, 200, 6, 297]
4 sq: [393, 1, 297, 202, 380]. [210, 159, 151, -1, 292]
4 sq: [170, -4, 24, 181, 261]. [113, 160, 301, 4, 238]
4 sq: [107, 6, -6, 163, 158]. [380, 371, 152, -6, 229]
4 sq: [132, -5, 74, 70, 346]. [406, 374, 388, 5, 169]
4 sq: [413, 3, 171, 37, 448]. [22, 338, 78, -3, 332]
4 sq: [182, -9, 173, 55, 499]. [396, 306, 88, 9, 183]
4 sq: [97, -8, 13, 107, 29]. [166, 282, 413, 8, 200]
4 sq: [327, -8, 399, 258, 65]. [138, 196, -1, 8, 431]
4 sq: [53, -2, 478, 430, 201]. [460, 192, 492, 2, 163]
4 sq: [88, -10, -9, 137, 462]. [166, 22, 441, 10, 351]
4 sq: [260, 10, 282, 75, 109]. [270, 286, 77, -10, 420]
4 sq: [184, 5, 387, 100, 97]. [287, 358, 189, -5, 335]
4 sq: [136, -4, 283, 467, 479]. [371, 208, 494, 4, 210]
4 sq: [97, -8, 377, 493, 38]. [453, 456, 241, 8, 0]
4 sq: [2, 9, 38, 394, 65]. [-3, 120, 277, -9, 19]
4 sq: [328, -1, 143, 401, 262]. [486, 44, 295, 1, 239]
4 sq: [249, -6, 432, 443, 325]. [178, 340, 184, 6, 55]
4 sq: [307, -2, 340, 310, 405]. [26, 166, 25, 2, 350]
4 sq: [66, -10, 174, 148, 404]. [283, 72, 259, 10, 35]
4 sq: [265, 6, 210, 336, 64]. [147, 70, 94, -6, 358]
4 sq: [480, 5, 22, 236, 137]. [54, 408, 388, -5, 462]
4 sq: [111, 6, 23, 172, 335]. [100, -2, 390, -6, 58]
4 sq: [266, -1, 239, 89, 48]. [474, 184, 489, 1, 11]
4 sq: [496, -4, 495, 323, 416]. [1, 89, 372, 4, -1]
4 sq: [55, -1, 21, 99, 335]. [33, 110, 146, 1, 326]
4 sq: [210, 2, 317, 125, 179]. [274, 433, 247, -2, 265]
4 sq: [288, 6, 182, 181, 148]. [355, 466, 71, -6, 361]
4 sq: [478, -5, 471, 316, 243]. [92, 83, 262, 5, 134]
4 sq: [453, -4, -9, 177, 457]. [306, 309, 271, 4, -10]
4 sq: [423, 6, 13, 368, 186]. [139, 334, 384, -6, 299]
4 sq: [453, 9, 37, 483, 474]. [5, 78, 454, -9, 397]
4 sq: [250, -7, 46, 352, 398]. [403, 460, 34, 7, 322]
4 sq: [490, 2, 123, 69, 167]. [418, 495, 125, -2, 306]
4 sq: [79, -10, 473, 213, 458]. [115, 149, 143, 10, 104]
4 sq: [7, -7, 308, 143, 197]. [140, 434, 102, 7, 203]
4 sq: [449, -8, 463, 55, 150]. [258, 32, 275, 8, 412]
4 sq: [307, 0, 36, 261, 268]. [42, 144, 452, 0, 252]
4 sq: [44, -3, 46, 334, 41]. [18, 71, 19, 3, 127]
4 sq: [419, 8, 13, 342, 284]. [154, 211, 142, -8, 79]
4 sq: [495, 1, 363, 393, 270]. [46, 28, 133, -1, 239]
4 sq: [49, -4, 286, 177, 262]. [341, 48, 115, 4, 214]
4 sq: [407, -1, 168, 121, 493]. [40, 442, 484, 1, 425]
4 sq: [121, 3, 361, 156, 223]. [416, 290, 296, -3, 405]
4 sq: [264, 8, 182, 410, 116]. [346, 91, 124, -8, 249]
4 sq: [70, 7, 488, 190, 442]. [325, 467, 390, -7, 214]
4 sq: [469, -5, 378, 487, 438]. [104, 361, 398, 5, 133]
4 sq: [453, -1, 224, 406, 228]. [144, 195, 65, 1, 480]
4 sq: [314, 0, 137, 184, 235]. [55, 286, 103, 0, 219]
4 sq: [163, 4, 92, 115, 169]. [266, 136, 491, -4, 498]
4 sq: [202, -10, 159, 219, 304]. [246, 412, 419, 10, 11]
4 sq: [467, 0, 268, 204, 185]. [217, 431, 7, 0, 316]
4 sq: [59, 4, 80, 403, 161]. [101, 119, 446, -4, 241]
4 sq: [422, 5, 118, 472, 495]. [482, 13, 368, -5, 77]
4 sq: [14, 8, 38, 475, 56]. [470, 109, 130, -8, 466]
4 sq: [471, 5, 152, 215, 136]. [462, 301, 129, -5, 68]
4 sq: [459, -8, 306, 444, 89]. [-3, 380, 304, 8, 157]
4 sq: [432, -10, -6, 214, 262]. [271, 25, 389, 10, 474]
4 sq: [296, -10, 495, 295, 89]. [229, 498, 54, 10, 243]
4 sq: [19, 4, -8, -1, 189]. [65, 34, 384, -4, 456]
4 sq: [158, 6, 349, 468, -3]. [65, 436, 5, -6, 59]
4 sq: [302, -1, 135, 323, 368]. [335, 77, 24, 1, 474]
4 sq: [460, 8, 100, 404, 253]. [312, 394, 136, -8, 18]
4 sq: [-8, 4, 251, 358, 120]. [62, 100, 76, -4, 34]
4 sq: [459, -2, 401, 113, 155]. [262, 245, 278, 2, 499]
4 sq: [232, 7, 126, 240, -6]. [496, 465, 15, -7, 252]
4 sq: [282, 3, 17, 397, 350]. [432, 179, 141, -3, -9]
4 sq: [321, 1, 119, 123, 400]. [423, 236, 400, -1, 168]
4 sq: [13, -10, 443, 47, 354]. [350, 302, 263, 10, 478]
4 sq: [18, 5, 198, 282, 264]. [196, 434, 239, -5, 488]
4 sq: [273, -6, 172, 204, 322]. [56, 347, 401, 6, 29]
4 sq: [464, -6, 175, 336, 180]. [434, 170, 199, 6, 431]
4 sq: [43, -6, 336, 478, 92]. [-3, 88, 408, 6, 151]
4 sq: [240, -6, 132, 183, 85]. [-7, 135, 125, 6, 19]
4 sq: [132, -9, 250, 376, 114]. [35, 348, 381, 9, 98]
4 sq: [15, 1, 441, 405, 351]. [161, 132, 478, -1, -8]
4 sq: [135, -3, 143, 229, 182]. [24, 452, 466, 3, 339]
4 sq: [340, -2, 165, 345, 48]. [493, 468, 448, 2, 255]
4 sq: [347, -5, 250, 317, 159]. [98, 131, 419, 5, 473]
4 sq: [39, 7, 412, 399, 375]. [97, 334, 452, -7, 192]
4 sq: [457, 6, 384, -2, 483]. [122, 481, 110, -6, 35]
4 sq: [268, 10, 160, 9, 470]. [7, 459, 67, -10, 216]
4 sq: [212, -4, 244, 75, 304]. [349, 10, -2, 4, 343]
4 sq: [22, 3, 329, 422, 149]. [360, 10, 299, -3, 31]
4 sq: [395, -8, 116, 337, 480]. [215, 173, 124, 8, 423]
4 sq: [444, -10, 408, 215, 391]. [60, 88, 493, 10, 81]
4 sq: [370, 2, 122, 309, 456]. [209, 86, 462, -2, 480]
4 sq: [179, -5, 156, 291, 193]. [237, 474, 67, 5, 13]
4 sq: [274, -6, 228, 325, 283]. [90, 160, 390, 6, 47]
4 sq: [458, -10, 318, 459, 99]. [32, 143, 243, 10, 160]
4 sq: [58, 0, 225, 35, 20]. [117, 432, 247, 0, 489]
4 sq: [98, 8, 410, 229, 265]. [489, 125, 349, -8, 181]
4 sq: [107, -8, 353, 359, 81]. [125, 428, 372, 8, 314]
4 sq: [38, 7, 124, 110, 300]. [424, 93, 315, -7, 87]
4 sq: [452, 6, 358, 52, 330]. [248, 93, 383, -6, 434]
4 sq: [227, 1, 401, 291, 307]. [151, 429, 48, -1, 337]
4 sq: [296, 5, 31, 292, 241]. [15, 459, 298, -5, 211]
4 sq: [60, -10, 362, 476, 234]. [209, 106, 424, 10, 116]
4 sq: [47, 3, 150, 100, 262]. [422, 156, 494, -3, 175]
4 sq: [446, 4, 333, 306, 165]. [9, 248, 246, -4, 318]
4 sq: [221, -10, 427, 278, 55]. [25, 239, 362, 10, 35]
4 sq: [259, 3, 114, 123, 454]. [333, 432, 316, -3, 235]
4 sq: [88, 3, 413, 324, -4]. [105, 499, 187, -3, 354]
4 sq: [339, 3, 400, 451, 117]. [93, 79, 472, -3, 167]
4 sq: [51, 10, 193, 497, 312]. [357, 429, 207, -10, 114]
4 sq: [260, 3, 457, 46, 444]. [358, 337, 331, -3, 76]
4 sq: [466, -4, 43, 188, 14]. [245, 68, 15, 4, 82]
4 sq: [109, 0, 225, 389, 164]. [42, 275, 442, 0, 242]
4 sq: [6, -1, 278, 170, 164]. [142, 227, 497, 1, 60]
4 sq: [396, -7, 405, 332, 6]. [170, -8, 499, 7, 336]
4 sq: [-9, -2, 124, 12, 474]. [32, 259, 204, 2, 84]
4 sq: [188, 0, 463, 190, 409]. [453, 45, 484, 0, 283]
4 sq: [19, -3, 83, 285, 246]. [48, 7, 47, 3, 95]
4 sq: [482, -3, 395, 90, 308]. [498, 114, 62, 3, 217]
4 sq: [63, -10, 435, 282, 372]. [332, 213, 380, 10, 188]
4 sq: [41, 8, 14, 69, 151]. [413, 343, 399, -8, 174]
4 sq: [79, -5, 419, 113, 385]. [44, 385, 82, 5, 197]
4 sq: [420, -6, 461, 156, 25]. [353, 128, 328, 6, 346]
4 sq: [337, -9, 484, 54, 286]. [79, 45, 270, 9, 418]
4 sq: [425, -4, 437, 139, 341]. [400, 293, 488, 4, 287]
4 sq: [7, -5, 396, 405, 248]. [283, 393, 364, 5, 114]
4 sq: [203, 5, 147, 227, 182]. [473, 279, 458, -5, -10]
4 sq: [382, -4, 492, 219, 108]. [362, 393, 292, 4, 90]
4 sq: [127, -5, 100, 411, 414]. [422, 124, 60, 5, 349]
4 sq: [23, 8, 48, 298, 411]. [197, 239, 488, -8, 331]
4 sq: [431, 4, 433, 22, 381]. [399, 76, 330, -4, 440]
4 sq: [92, -9, 113, 402, 109]. [197, 69, 399, 9, 283]
4 sq: [164, -9, 131, 317, 305]. [498, 338, 307, 9, 153]
4 sq: [208, 4, 65, 137, 97]. [459, 334, 196, -4, 27]
4 sq: [124, -4, 400, 41, 412]. [174, 474, 41, 4, 437]
4 sq: [338, 0, 400, 7, 369]. [411, 191, 409, 0, 168]
4 sq: [284, -2, 316, 88, 191]. [199, 37, -5, 2, 150]
4 sq: [475, 9, 465, 364, 167]. [6, 28, 428, -9, 448]
4 sq: [198, -7, 12, 161, 287]. [432, 109, 279, 7, 58]
4 sq: [457, 1, 250, 164, 270]. [288, 494, 184, -1, 83]
4 sq: [293, -5, 30, 496, 364]. [35, 206, 497, 5, 434]
4 sq: [97, 9, 357, 303, 100]. [254, 288, 186, -9, 70]
4 sq: [499, 9, 392, 123, 370]. [264, 392, 369, -9, 308]
4 sq: [103, 8, 306, 122, 207]. [411, 367, 59, -8, 30]
4 sq: [103, 0, 57, 169, 102]. [86, 126, 274, 0, 149]
4 sq: [333, 2, 207, 102, 56]. [211, 94, 82, -2, 193]
4 sq: [300, -8, 158, 430, 491]. [168, 498, 288, 8, 33]
4 sq: [8, -4, 6, 85, 114]. [165, 101, 13, 4, 314]
4 sq: [-4, 5, 316, 403, 390]. [332, 233, 123, -5, 256]
4 sq: [193, -4, 8, 450, 115]. [43, 371, 262, 4, 57]
4 sq: [459, -1, 150, 458, 106]. [254, 408, 21, 1, 417]
4 sq: [270, 6, 39, 403, 250]. [102, 83, 142, -6, 137]
4 sq: [299, -2, 98, 106, 16]. [71, 293, 313, 2, 136]
4 sq: [494, -7, 487, 23, 201]. [376, 422, 302, 7, 65]
4 sq: [496, -2, 198, 126, 258]. [312, 65, 276, 2, 402]
4 sq: [429, -3, 471, 372, 476]. [108, 56, 269, 3, 71]
4 sq: [191, 3, 154, 455, 46]. [322, 46, 236, -3, 237]
4 sq: [-8, -6, 0, 299, 94]. [478, 117, 58, 6, 40]
4 sq: [411, 9, 368, 388, 390]. [118, 8, 356, -9, 346]
4 sq: [175, -7, 178, 18, 493]. [398, 291, 107, 7, 47]
4 sq: [211, 2, 48, 41, 428]. [239, 166, 295, -2, 335]
4 sq: [302, -4, 386, 42, 156]. [10, 449, 64, 4, 225]
4 sq: [1, 7, 190, 467, 88]. [326, 370, 351, -7, 252]
4 sq: [336, -2, 328, 292, 387]. [372, 290, 22, 2, 451]
4 sq: [345, -5, 175, 142, 109]. [82, 227, 459, 5, 297]
4 sq: [383, 9, 486, 13, 212]. [312, 341, 16, -9, 15]
4 sq: [368, 9, 305, 56, 110]. [76, 77, 294, -9, 302]
4 sq: [330, 0, 49, 70, 110]. [96, 98, 452, 0, 259]
4 sq: [282, 9, 110, -5, 270]. [141, 169, 223, -9, 365]
4 sq: [258, 6, 224, 451, 91]. [352, 90, 312, -6, 369]
4 sq: [199, 0, 215, 145, 392]. [339, 486, 384, 0, 452]
4 sq: [385, -2, 406, 349, 489]. [4, 57, 494, 2, 208]
4 sq: [411, -10, 283, 446, 257]. [224, 383, 99, 10, 355]
4 sq: [85, 5, 498, 190, 134]. [68, 391, 111, -5, 392]
4 sq: [329, -8, 404, 81, 134]. [308, 106, 154, 8, 220]
4 sq: [172, 4, 331, 66, 176]. [172, 189, 212, -4, 360]
4 sq: [442, -9, 68, 217, 124]. [88, 14, 449, 9, 259]
4 sq: [373, 10, 63, 233, 55]. [297, 193, 260, -10, 277]
4 sq: [440, 0, 365, 126, 413]. [194, 39, 310, 0, 173]
4 sq: [153, -1, 425, 92, 192]. [368, 349, 136, 1, 428]
4 sq: [124, 3, 108, 27, 25]. [145, 201, -10, -3, 148]
4 sq: [347, 4, 465, 146, 131]. [285, 281, 483, -4, 252]
4 sq: [232, 9, 7, 287, 145]. [298, 238, 261, -9, 134]
4 sq: [135, 6, 161, 156, 424]. [378, 104, 49, -6, 166]
4 sq: [194, 1, 239, 101, 313]. [88, 238, 140, -1, 42]
4 sq: [200, -9, 453, 171, 250]. [25, 37, 350, 9, 39]
4 sq: [326, -6, 457, 279, 486]. [241, 341, 474, 6, 140]
4 sq: [52, 9, 260, 255, 89]. [187, 111, 284, -9, 141]
4 sq: [152, 1, 234, 58, 106]. [192, 337, 97, -1, 423]
4 sq: [447, -7, 219, 295, 460]. [175, 289, 32, 7, 306]
4 sq: [391, -8, 151, 461, 177]. [252, 403, 187, 8, 258]
4 sq: [399, 8, 376, 470, 380]. [124, 267, 69, -8, 380]
4 sq: [324, 2, 291, 444, 173]. [315, 421, 261, -2, 58]
4 sq: [262, 9, 178, 91, 196]. [403, 451, 252, -9, 212]
4 sq: [361, 2, 219, 484, 154]. [185, -4, 336, -2, 340]
4 sq: [394, 3, 14, 255, 389]. [-7, 176, 247, -3, 354]
4 sq: [453, -4, 199, 191, 166]. [493, 44, 314, 4, 263]
4 sq: [423, 7, 420, 159, 257]. [46, 41, 382, -7, 114]
4 sq: [329, -8, 334, 178, 297]. [476, 464, 398, 8, 199]
4 sq: [75, -8, 72, 179, 157]. [189, 239, 162, 8, 129]
4 sq: [231, 5, 385, 179, 25]. [475, 279, 91, -5, 373]
4 sq: [421, 8, -5, 465, 94]. [463, 40, 426, -8, 117]
4 sq: [103, 9, 264, 292, 309]. [222, 121, 107, -9, 238]
4 sq: [105, 5, 131, 263, 195]. [446, 224, 15, -5, 10]
4 sq: [322, -10, 272, 303, 445]. [128, 146, 248, 10, 268]
4 sq: [190, 0, 105, 413, 177]. [63, 249, 220, 0, 438]
4 sq: [394, 9, 2, 54, 341]. [271, 70, 256, -9, 146]
4 sq: [20, 5, 451, 254, 498]. [369, 319, 233, -5, 311]
4 sq: [415, -10, 319, 112, 153]. [402, 446, 178, 10, 100]
4 sq: [41, -6, 206, 276, 145]. [281, 298, 325, 6, 183]
4 sq: [59, 10, 95, 306, 144]. [370, 158, 453, -10, 299]
4 sq: [176, 3, 112, 256, 140]. [46, 358, 434, -3, 381]
4 sq: [180, -9, 82, 299, 251]. [25, 292, 196, 9, 318]
4 sq: [325, 8, 4, 153, 130]. [362, 148, 387, -8, 396]
4 sq: [120, -5, 169, 149, 473]. [273, 146, 127, 5, 454]
4 sq: [402, -4, 291, 373, 370]. [452, 360, 77, 4, 247]
4 sq: [178, 5, 373, 450, 230]. [213, 86, 102, -5, 141]
4 sq: [243, -2, 216, 18, 146]. [482, 414, 101, 2, 41]
4 sq: [445, -9, 488, 31, 98]. [273, 370, 319, 9, 218]
4 sq: [495, -3, 199, 477, 123]. [450, 64, 447, 3, 38]
4 sq: [388, 5, 54, 342, 273]. [212, 483, 346, -5, 208]
4 sq: [345, 5, 316, 76, 255]. [-6, 236, -10, -5, 108]
4 sq: [274, 8, 0, 318, 298]. [344, 62, 456, -8, 68]
4 sq: [17, 5, 113, 116, 333]. [242, 391, 317, -5, 282]
4 sq: [354, 6, 294, 193, 453]. [44, 92, 120, -6, 407]
4 sq: [133, -8, 36, 462, 487]. [366, 228, 155, 8, 128]
4 sq: [362, -1, 382, 84, 305]. [457, 275, 135, 1, 410]
4 sq: [239, 9, 279, 480, 499]. [369, 83, 49, -9, 193]
4 sq: [228, 10, -8, 293, 133]. [397, 414, 12, -10, 170]
4 sq: [87, -5, 424, 89, 293]. [160, 332, 465, 5, 146]
4 sq: [192, -8, 298, 216, 240]. [468, -7, 267, 8, 453]
4 sq: [412, 8, 456, 313, 252]. [258, 344, 387, -8, 477]
4 sq: [91, -6, 452, 53, 170]. [470, 124, 66, 6, 371]
4 sq: [417, -2, 484, 196, 230]. [433, 490, 317, 2, 125]
4 sq: [346, -8, 193, 174, 196]. [171, -5, 29, 8, 365]
4 sq: [256, 9, 426, 158, 184]. [228, 144, 460, -9, 489]
4 sq: [408, -5, 215, 91, 410]. [275, 143, 75, 5, 434]
4 sq: [369, 3, 231, 435, 92]. [471, 43, 393, -3, 216]
4 sq: [7, -8, 433, 490, 283]. [392, 437, 139, 8, 267]
4 sq: [199, -7, 61, 251, 289]. [390, 170, 272, 7, 434]
4 sq: [37, 6, 320, 134, 406]. [368, 252, 57, -6, 16]
4 sq: [455, 1, 171, 90, 37]. [157, 260, 469, -1, 389]
4 sq: [188, 0, 204, 27, 469]. [131, 32, 38, 0, 317]
4 sq: [36, 4, 488, 77, 50]. [343, 251, 452, -4, 320]
4 sq: [115, 8, 15, -3, 442]. [162, 211, 276, -8, 56]
4 sq: [245, -3, 200, 221, 145]. [193, -7, 264, 3, 299]
4 sq: [81, -10, 41, 9, 205]. [469, 52, 319, 10, 372]
4 sq: [167, -3, 466, 185, 305]. [63, 133, 176, 3, 252]
4 sq: [48, 4, 342, 453, 384]. [313, 171, 267, -4, 499]
4 sq: [27, 8, 409, 11, 51]. [171, -6, 31, -8, 81]
4 sq: [316, -3, 187, 360, 491]. [142, 241, 169, 3, 226]
4 sq: [396, -5, 266, 481, 330]. [86, 146, 43, 5, 187]
4 sq: [307, 8, 410, 38, 23]. [373, 323, 256, -8, 253]
4 sq: [176, 9, 209, 28, 148]. [149, 169, 181, -9, 258]
4 sq: [289, 10, 102, 225, 452]. [322, 31, 25, -10, 242]
4 sq: [405, 5, 495, 208, 42]. [488, 91, 175, -5, 338]
4 sq: [382, 0, 300, 182, 137]. [368, 443, 189, 0, 310]
4 sq: [460, 7, 386, 322, 144]. [28, 155, 87, -7, 274]
4 sq: [231, 4, 194, 383, 273]. [229, 436, 466, -4, 251]
4 sq: [370, 4, 283, 485, 117]. [218, 138, 152, -4, 371]
4 sq: [53, 2, 458, 293, 161]. [175, 80, 210, -2, 482]
4 sq: [76, -8, 240, 325, 204]. [73, 300, 364, 8, 132]
4 sq: [16, -5, 378, 271, 494]. [162, 210, 158, 5, 159]
4 sq: [473, 7, 453, 23, 429]. [198, 2, 287, -7, 393]
4 sq: [150, 7, 474, 393, 146]. [81, 372, 241, -7, 198]
4 sq: [241, 8, 493, 273, -7]. [282, 97, 197, -8, 81]
4 sq: [422, -6, 173, 99, 138]. [376, 244, 371, 6, 452]
4 sq: [449, 8, 275, 423, 303]. [303, 411, 73, -8, 91]
4 sq: [6, 8, -10, 73, 354]. [26, 172, 344, -8, 465]
4 sq: [382, -7, 285, 228, 443]. [354, 353, 11, 7, 348]
4 sq: [411, 9, 407, 352, 188]. [367, 83, 379, -9, 96]
4 sq: [444, -8, 476, 19, 266]. [78, 457, 48, 8, -8]
4 sq: [42, -10, 100, 237, 333]. [214, 126, 159, 10, 146]
4 sq: [403, -4, 154, 198, 302]. [464, 330, 422, 4, 160]
4 sq: [356, 5, 292, 35, 95]. [433, 152, 32, -5, 127]
4 sq: [317, 9, 101, 404, 447]. [435, 160, 148, -9, 336]
4 sq: [326, -6, 310, 217, 375]. [3, 225, 388, 6, 336]
4 sq: [367, 0, 463, 241, 408]. [234, 173, 213, 0, 304]
4 sq: [99, 10, 370, 342, 80]. [362, 55, 223, -10, 151]
4 sq: [445, 8, 282, 404, 108]. [361, 435, 137, -8, 43]
4 sq: [22, 0, 123, 90, 222]. [455, -4, 134, 0, 258]
4 sq: [202, -8, 427, 422, 111]. [265, 232, 424, 8, 371]
4 sq: [337, 10, 77, 142, 467]. [76, 189, 353, -10, 476]
4 sq: [197, 3, 301, 343, 50]. [132, 465, 255, -3, 104]
4 sq: [202, -1, 402, 22, 34]. [80, 202, 25, 1, 318]
4 sq: [158, 10, 494, 344, 411]. [81, -7, 171, -10, 283]
4 sq: [96, -3, 418, 409, 391]. [260, -3, 42, 3, 498]
4 sq: [270, 4, 143, 218, 265]. [457, 151, 336, -4, 392]
4 sq: [428, -3, 131, 420, 368]. [19, 471, -8, 3, 93]
4 sq: [200, -5, 201, 203, 468]. [165, 66, 253, 5, 156]
4 sq: [88, 6, 216, 412, 206]. [412, 184, 89, -6, 214]
4 sq: [392, 5, 338, 40, 55]. [337, 357, 398, -5, 251]
4 sq: [424, -9, 391, 423, 283]. [4, 444, 334, 9, 48]
4 sq: [479, 5, 128, 235, 76]. [421, 439, 494, -5, 68]
4 sq: [43, 2, 241, 374, 233]. [114, 25, 487, -2, 220]
4 sq: [262, 10, 91, 444, 394]. [261, 230, 406, -10, 181]
4 sq: [223, 10, 91, 156, 32]. [247, 84, 128, -10, 117]
4 sq: [241, 10, 72, 51, 198]. [371, 86, 106, -10, 189]
4 sq: [154, 1, 401, 332, 422]. [168, -6, 466, -1, 419]
4 sq: [151, -6, 487, 326, 86]. [489, 170, 404, 6, 126]
4 sq: [444, 2, 385, 204, 326]. [257, 305, 228, -2, 315]
4 sq: [498, 10, 421, 338, 77]. [345, 340, 438, -10, 213]
4 sq: [136, 9, 34, 42, 84]. [99, 106, 315, -9, 413]
4 sq: [20, 0, 14, 70, 128]. [498, 136, 191, 0, 90]
4 sq: [440, 4, 201, 467, 178]. [293, 369, 53, -4, 372]
4 sq: [347, 9, 375, 237, 74]. [54, 308, 295, -9, 484]
4 sq: [72, 7, 414, 46, 79]. [398, 38, 23, -7, 499]
4 sq: [222, 8, 42, 434, 26]. [108, 278, 95, -8, 433]
4 sq: [265, -9, 401, 1, 49]. [350, 451, 277, 9, 303]
4 sq: [266, -1, 337, 13, 430]. [25, 195, 440, 1, 107]
4 sq: [165, 7, 338, 269, 128]. [353, 269, 441, -7, 451]
4 sq: [237, -9, 234, 335, 281]. [-3, 366, 227, 9, 289]
4 sq: [313, 6, 57, 26, 74]. [26, 65, 388, -6, 124]
4 sq: [493, 9, 285, 130, 42]. [377, 416, 282, -9, 371]
4 sq: [399, 5, 366, 276, 32]. [407, 454, 322, -5, 106]
4 sq: [268, -3, 72, 479, 227]. [341, 445, -2, 3, 181]
4 sq: [456, 0, 445, 42, 183]. [100, 115, 219, 0, 40]
4 sq: [161, 7, 183, 462, 249]. [186, -9, 297, -7, 337]
4 sq: [145, -7, 24, 274, 387]. [374, 410, -6, 7, 112]
4 sq: [184, -1, 348, 385, 255]. [113, 375, 297, 1, 385]
4 sq: [323, -9, 54, 302, 175]. [206, 281, 470, 9, 294]
4 sq: [63, -10, 144, 229, 318]. [235, 407, 344, 10, 468]
4 sq: [12, 9, 142, 214, 17]. [331, 324, 66, -9, 314]
4 sq: [153, 8, 129, 368, 245]. [325, 401, 165, -8, 275]
